# i,j,covariance_ij
0,0,5.802216995386014e-09
0,1,-3.099005557069139e-08
0,2,-2.1269570730666456e-07
0,3,4.211656450768286e-08
0,4,-7.571849524870403e-08
0,5,2.294323415199879e-08
0,6,1.523286753608852e-08
0,7,-1.6867822703850278e-08
0,8,-3.1532073402396886e-08
0,9,1.923042635781973e-08
0,10,8.321667240846272e-08
0,11,-7.347470248381252e-07
0,12,-2.844851203260261e-07
0,13,1.7695906601044092e-08
0,14,1.8272130057044055e-07
0,15,2.724174760037125e-07
0,16,-1.121045924637821e-06
0,17,-1.621237096054674e-06
0,18,5.145949438831006e-06
0,19,-3.040328467972813e-06
0,20,6.059575738196571e-07
0,21,7.768885817547136e-07
0,22,8.793712505052769e-07
0,23,-7.168540422913194e-07
0,24,-3.0190823524924044e-07
0,25,-1.0808863687632057e-07
1,0,-3.099005557069139e-08
1,1,1.6552010120239345e-07
1,2,1.1360229709303597e-06
1,3,-2.2494758048132387e-07
1,4,4.0441789360040273e-07
1,5,-1.225414530182569e-07
1,6,-8.135983397721202e-08
1,7,9.009224635420811e-08
1,8,1.684150571715026e-07
1,9,-1.0271108129027739e-07
1,10,-4.4446619359411094e-07
1,11,3.924336361125497e-06
1,12,1.519455355590651e-06
1,13,-9.451510161998635e-08
1,14,-9.759275227262051e-07
1,15,-1.455001204969737e-06
1,16,5.987586388004762e-06
1,17,8.659143175781574e-06
1,18,-2.7484883657428866e-05
1,19,1.623861159459517e-05
1,20,-3.2364627005652328e-06
1,21,-4.149417427848622e-06
1,22,-4.696784684560713e-06
1,23,3.828768662797105e-06
1,24,1.6125134573669762e-06
1,25,5.773091330471013e-07
2,0,-2.1269570730666456e-07
2,1,1.1360229709303597e-06
2,2,7.796927268086875e-06
2,3,-1.5438947706388575e-06
2,4,2.7756629777766485e-06
2,5,-8.410453141863492e-07
2,6,-5.58401303755708e-07
2,7,6.183349370717845e-07
2,8,1.1558920772011356e-06
2,9,-7.049424623790851e-07
2,10,-3.0505286189227447e-06
2,11,2.6934107818388396e-05
2,12,1.0428559278993344e-05
2,13,-6.486905563743646e-07
2,14,-6.6981356084628695e-06
2,15,-9.986187656783962e-06
2,16,4.1094922174352746e-05
2,17,5.943076088525548e-05
2,18,-0.0001886384732813112
2,19,0.00011145133221565138
2,20,-2.2212987701751384e-05
2,21,-2.8478918752296173e-05
2,22,-3.2235693746045865e-05
2,23,2.6278192918679368e-05
2,24,1.1067249930347005e-05
2,25,3.962276676398713e-06
3,0,4.211656450768286e-08
3,1,-2.2494758048132387e-07
3,2,-1.5438947706388575e-06
3,3,3.0571159392011035e-07
3,4,-5.496179981035958e-07
3,5,1.665381012026841e-07
3,6,1.1057084709703767e-07
3,7,-1.2243849955556596e-07
3,8,-2.288819264376182e-07
3,9,1.3958793558624513e-07
3,10,6.040450321649102e-07
3,11,-5.333309749192555e-06
3,12,-2.064992731436078e-06
3,13,1.2844931385321646e-07
3,14,1.3263194824533948e-06
3,15,1.9773972966288905e-06
3,16,-8.137338372320328e-06
3,17,-1.176807706304898e-05
3,18,3.7352913837270535e-05
3,19,-2.2068838540121287e-05
3,20,4.398465494653001e-06
3,21,5.639202755562892e-06
3,22,6.38309391523253e-06
3,23,-5.20342991976414e-06
3,24,-2.191461931773097e-06
3,25,-7.845832121013607e-07
4,0,-7.571849524870403e-08
4,1,4.0441789360040273e-07
4,2,2.7756629777766485e-06
4,3,-5.496179981035958e-07
4,4,9.881206661672923e-07
4,5,-2.9940747950472837e-07
4,6,-1.987877752715316e-07
4,7,2.2012381720178984e-07
4,8,4.114911855243935e-07
4,9,-2.50955617131009e-07
4,10,-1.0859713139621975e-06
4,11,9.588393394015723e-06
4,12,3.7125094164631672e-06
4,13,-2.3093024975766612e-07
4,14,-2.384499225051729e-06
4,15,-3.5550275659896714e-06
4,16,1.4629564972452509e-05
4,17,2.115702212658657e-05
4,18,-6.715425301122752e-05
4,19,3.967605776201818e-05
4,20,-7.907700747949612e-06
4,21,-1.0138337541175183e-05
4,22,-1.1475728657887076e-05
4,23,9.354891317993258e-06
4,24,3.939879755349167e-06
4,25,1.410548578977109e-06
5,0,2.294323415199879e-08
5,1,-1.225414530182569e-07
5,2,-8.410453141863492e-07
5,3,1.665381012026841e-07
5,4,-2.9940747950472837e-07
5,5,9.07225623881417e-08
5,6,6.02340875849316e-08
5,7,-6.6699057659613e-08
5,8,-1.246847099900777e-07
5,9,7.604130888608285e-08
5,10,3.290569108214673e-07
5,11,-2.9053503250138395e-06
5,12,-1.1249163438027078e-06
5,13,6.997348237794491e-08
5,14,7.225199586432333e-07
5,15,1.0771982406069726e-06
5,16,-4.432860605620693e-06
5,17,-6.410725820883283e-06
5,18,2.034820879731539e-05
5,19,-1.2022123266875044e-05
5,20,2.396088687027219e-06
5,21,3.0719872516637617e-06
5,22,3.477226122863455e-06
5,23,-2.8345975612727657e-06
5,24,-1.1938111482642388e-06
5,25,-4.274060944283607e-07
6,0,1.523286753608852e-08
6,1,-8.135983397721202e-08
6,2,-5.58401303755708e-07
6,3,1.1057084709703767e-07
6,4,-1.987877752715316e-07
6,5,6.02340875849316e-08
6,6,3.9991653803458314e-08
6,7,-4.4283988184913365e-08
6,8,-8.278282209350161e-08
6,9,5.048665667004835e-08
6,10,2.1847313683721535e-07
6,11,-1.9289702730515844e-06
6,12,-7.468738513848457e-07
6,13,4.6458000691641773e-08
6,14,4.797079064476048e-07
6,15,7.151920256998337e-07
6,16,-2.943141231267189e-06
6,17,-4.2563196013579405e-06
6,18,1.350993356702385e-05
6,19,-7.981935328454167e-06
6,20,1.5908525072096733e-06
6,21,2.039606734043202e-06
6,22,2.3086599113138168e-06
6,23,-1.8819948784433203e-06
6,24,-7.926156776389177e-07
6,25,-2.8377082225685085e-07
7,0,-1.6867822703850278e-08
7,1,9.009224635420811e-08
7,2,6.183349370717845e-07
7,3,-1.2243849955556596e-07
7,4,2.2012381720178984e-07
7,5,-6.6699057659613e-08
7,6,-4.4283988184913365e-08
7,7,4.903702205463584e-08
7,8,9.166796485884248e-08
7,9,-5.590542762897343e-08
7,10,-2.419220234793982e-07
7,11,2.13600810810876e-06
7,12,8.270363854641865e-07
7,13,-5.144437296427713e-08
7,14,-5.311953180465425e-07
7,15,-7.919541255204821e-07
7,16,3.2590308005891173e-06
7,17,4.713153596099861e-06
7,18,-1.4959964931715638e-05
7,19,8.838642470630711e-06
7,20,-1.7615999073066797e-06
7,21,-2.258519263947725e-06
7,22,-2.5564501217692383e-06
7,23,2.0839908089483504e-06
7,24,8.776877164480659e-07
7,25,3.14228158750435e-07
8,0,-3.1532073402396886e-08
8,1,1.684150571715026e-07
8,2,1.1558920772011356e-06
8,3,-2.288819264376182e-07
8,4,4.114911855243935e-07
8,5,-1.246847099900777e-07
8,6,-8.278282209350161e-08
8,7,9.166796485884248e-08
8,8,1.7136064608490185e-07
8,9,-1.0450750393450569e-07
8,10,-4.522399325591393e-07
8,11,3.992973226925504e-06
8,12,1.5460307160423905e-06
8,13,-9.616817611437156e-08
8,14,-9.929965505168504e-07
8,15,-1.48044925866708e-06
8,16,6.092309613936792e-06
8,17,8.810592081636505e-06
8,18,-2.7965595833329782e-05
8,19,1.6522625833496194e-05
8,20,-3.29306861698105e-06
8,21,-4.221990974286873e-06
8,22,-4.778931715401174e-06
8,23,3.895734044126526e-06
8,24,1.6407164093030992e-06
8,25,5.874063025666651e-07
9,0,1.923042635781973e-08
9,1,-1.0271108129027739e-07
9,2,-7.049424623790851e-07
9,3,1.3958793558624513e-07
9,4,-2.50955617131009e-07
9,5,7.604130888608285e-08
9,6,5.048665667004835e-08
9,7,-5.590542762897343e-08
9,8,-1.0450750393450569e-07
9,9,6.373586134362163e-08
9,10,2.758070047649582e-07
9,11,-2.4351896118350353e-06
9,12,-9.4287582844205e-07
9,13,5.864996586595169e-08
9,14,6.055975702768649e-07
9,15,9.028797466620761e-07
9,16,-3.7155092811290674e-06
9,17,-5.373304826247842e-06
9,18,1.7055343121981916e-05
9,19,-1.0076633251294724e-05
9,20,2.008339658542327e-06
9,21,2.574860380358991e-06
9,22,2.9145211369159643e-06
9,23,-2.3758864724554285e-06
9,24,-1.000621674335291e-06
9,25,-3.5824075059931724e-07
10,0,8.321667240846272e-08
10,1,-4.4446619359411094e-07
10,2,-3.0505286189227447e-06
10,3,6.040450321649102e-07
10,4,-1.0859713139621975e-06
10,5,3.290569108214673e-07
10,6,2.1847313683721535e-07
10,7,-2.419220234793982e-07
10,8,-4.522399325591393e-07
10,9,2.758070047649582e-07
10,10,1.1935118200929487e-06
10,11,-1.053790344581539e-05
10,12,-4.08014817130741e-06
10,13,2.5379858487899754e-07
10,14,2.620629084315556e-06
10,15,3.907071362027371e-06
10,16,-1.60782872373806e-05
10,17,-2.3252139040321015e-05
10,18,7.38043387591751e-05
10,19,-4.360505964092865e-05
10,20,8.690776810670198e-06
10,21,1.1142306924606174e-05
10,22,1.2612135902002641e-05
10,23,-1.0281278354373287e-05
10,24,-4.3300343179394814e-06
10,25,-1.5502310053496443e-06
11,0,-7.347470248381252e-07
11,1,3.924336361125497e-06
11,2,2.6934107818388396e-05
11,3,-5.333309749192555e-06
11,4,9.588393394015723e-06
11,5,-2.9053503250138395e-06
11,6,-1.9289702730515844e-06
11,7,2.13600810810876e-06
11,8,3.992973226925504e-06
11,9,-2.4351896118350353e-06
11,10,-1.053790344581539e-05
11,11,9.304257164766049e-05
11,12,3.602495320952015e-05
11,13,-2.2408701255519796e-06
11,14,-2.313838521989857e-05
11,15,-3.449680185467156e-05
11,16,0.00014196041935169739
11,17,0.00020530068658766606
11,18,-0.0006516424744464351
11,19,0.0003850032320663083
11,20,-7.67336907420336e-05
11,21,-9.837904623851642e-05
11,22,-0.00011135664359859893
11,23,9.077674537777082e-05
11,24,3.8231279147247825e-05
11,25,1.3687492974985064e-05
12,0,-2.844851203260261e-07
12,1,1.519455355590651e-06
12,2,1.0428559278993344e-05
12,3,-2.064992731436078e-06
12,4,3.7125094164631672e-06
12,5,-1.1249163438027078e-06
12,6,-7.468738513848457e-07
12,7,8.270363854641865e-07
12,8,1.5460307160423905e-06
12,9,-9.4287582844205e-07
12,10,-4.08014817130741e-06
12,11,3.602495320952015e-05
12,12,1.3948424154296778e-05
12,13,-8.676376844711972e-07
12,14,-8.958901609547871e-06
12,15,-1.3356742517809364e-05
12,16,5.496534945438977e-05
12,17,7.948993129951819e-05
12,18,-0.0002523080481928944
12,19,0.00014906857339697717
12,20,-2.9710352687194426e-05
12,21,-3.809117132919324e-05
12,22,-4.3115939340113976e-05
12,23,3.5147652809196044e-05
12,24,1.4802686748978495e-05
12,25,5.299630967281751e-06
13,0,1.7695906601044092e-08
13,1,-9.451510161998635e-08
13,2,-6.486905563743646e-07
13,3,1.2844931385321646e-07
13,4,-2.3093024975766612e-07
13,5,6.997348237794491e-08
13,6,4.6458000691641773e-08
13,7,-5.144437296427713e-08
13,8,-9.616817611437156e-08
13,9,5.864996586595169e-08
13,10,2.5379858487899754e-07
13,11,-2.2408701255519796e-06
13,12,-8.676376844711972e-07
13,13,5.396990679285043e-08
13,14,5.57273033994949e-07
13,15,8.308331480341599e-07
13,16,-3.419024830275622e-06
13,17,-4.94453417594438e-06
13,18,1.5694387286042977e-05
13,19,-9.272553689137413e-06
13,20,1.8480812832465513e-06
13,21,2.3693956625685284e-06
13,22,2.681952696522591e-06
13,23,-2.1862991661731465e-06
13,24,-9.207756168556006e-07
13,25,-3.296544104294203e-07
14,0,1.8272130057044055e-07
14,1,-9.759275227262051e-07
14,2,-6.6981356084628695e-06
14,3,1.3263194824533948e-06
14,4,-2.384499225051729e-06
14,5,7.225199586432333e-07
14,6,4.797079064476048e-07
14,7,-5.311953180465425e-07
14,8,-9.929965505168504e-07
14,9,6.055975702768649e-07
14,10,2.620629084315556e-06
14,11,-2.313838521989857e-05
14,12,-8.958901609547871e-06
14,13,5.57273033994949e-07
14,14,5.754192528253087e-06
14,15,8.578871757657103e-06
14,16,-3.530356922395439e-05
14,17,-5.105540709003528e-05
14,18,0.00016205436213100042
14,19,-9.574491479224117e-05
14,20,1.9082594819684157e-05
14,21,2.446549175417427e-05
14,22,2.7692838565733283e-05
14,23,-2.257490594212657e-05
14,24,-9.507583987557792e-06
14,25,-3.4038879143322056e-06
15,0,2.724174760037125e-07
15,1,-1.455001204969737e-06
15,2,-9.986187656783962e-06
15,3,1.9773972966288905e-06
15,4,-3.5550275659896714e-06
15,5,1.0771982406069726e-06
15,6,7.151920256998337e-07
15,7,-7.919541255204821e-07
15,8,-1.48044925866708e-06
15,9,9.028797466620761e-07
15,10,3.907071362027371e-06
15,11,-3.449680185467156e-05
15,12,-1.3356742517809364e-05
15,13,8.308331480341599e-07
15,14,8.578871757657103e-06
15,15,1.2790159570255109e-05
15,16,-5.2633760770570065e-05
15,17,-7.61180283436504e-05
15,18,0.0002416053310112026
15,19,-0.00014274519690077295
15,20,2.8450061925735024e-05
15,21,3.647537255949231e-05
15,22,4.128699369971401e-05
15,23,-3.365671587590596e-05
15,24,-1.417476793727903e-05
15,25,-5.074824617201359e-06
16,0,-1.121045924637821e-06
16,1,5.987586388004762e-06
16,2,4.1094922174352746e-05
16,3,-8.137338372320328e-06
16,4,1.4629564972452509e-05
16,5,-4.432860605620693e-06
16,6,-2.943141231267189e-06
16,7,3.2590308005891173e-06
16,8,6.092309613936792e-06
16,9,-3.7155092811290674e-06
16,10,-1.60782872373806e-05
16,11,0.00014196041935169739
16,12,5.496534945438977e-05
16,13,-3.419024830275622e-06
16,14,-3.530356922395439e-05
16,15,-5.2633760770570065e-05
16,16,0.00021659720175002826
16,17,0.00031323910168286166
16,18,-0.0009942485176582037
16,19,0.0005874216426741067
16,20,-0.0001170770188660886
16,21,-0.00015010258650552876
16,22,-0.00016990325549812017
16,23,0.0001385033174922421
16,24,5.8331668224387175e-05
16,25,2.0883797687369158e-05
17,0,-1.621237096054674e-06
17,1,8.659143175781574e-06
17,2,5.943076088525548e-05
17,3,-1.176807706304898e-05
17,4,2.115702212658657e-05
17,5,-6.410725820883283e-06
17,6,-4.2563196013579405e-06
17,7,4.713153596099861e-06
17,8,8.810592081636505e-06
17,9,-5.373304826247842e-06
17,10,-2.3252139040321015e-05
17,11,0.00020530068658766606
17,12,7.948993129951819e-05
17,13,-4.94453417594438e-06
17,14,-5.105540709003528e-05
17,15,-7.61180283436504e-05
17,16,0.00031323910168286166
17,17,0.00045300093459343764
17,18,-0.0014378648939343097
17,19,0.0008495189511850845
17,20,-0.00016931474608635502
17,21,-0.0002170757469504554
17,22,-0.00024571112966937465
17,23,0.0002003010860751364
17,24,8.435824288882985e-05
17,25,3.0201784577382183e-05
18,0,5.145949438831006e-06
18,1,-2.7484883657428866e-05
18,2,-0.0001886384732813112
18,3,3.7352913837270535e-05
18,4,-6.715425301122752e-05
18,5,2.034820879731539e-05
18,6,1.350993356702385e-05
18,7,-1.4959964931715638e-05
18,8,-2.7965595833329782e-05
18,9,1.7055343121981916e-05
18,10,7.38043387591751e-05
18,11,-0.0006516424744464351
18,12,-0.0002523080481928944
18,13,1.5694387286042977e-05
18,14,0.00016205436213100042
18,15,0.0002416053310112026
18,16,-0.0009942485176582037
18,17,-0.0014378648939343097
18,18,0.004563909906861974
18,19,-0.0026964480277225076
18,20,0.0005374199274919072
18,21,0.0006890175538925901
18,22,0.0007799087825671184
18,23,-0.0006357733017545196
18,24,-0.0002677604982707009
18,25,-9.586312623606139e-05
19,0,-3.040328467972813e-06
19,1,1.623861159459517e-05
19,2,0.00011145133221565138
19,3,-2.2068838540121287e-05
19,4,3.967605776201818e-05
19,5,-1.2022123266875044e-05
19,6,-7.981935328454167e-06
19,7,8.838642470630711e-06
19,8,1.6522625833496194e-05
19,9,-1.0076633251294724e-05
19,10,-4.360505964092865e-05
19,11,0.0003850032320663083
19,12,0.00014906857339697717
19,13,-9.272553689137413e-06
19,14,-9.574491479224117e-05
19,15,-0.00014274519690077295
19,16,0.0005874216426741067
19,17,0.0008495189511850845
19,18,-0.0026964480277225076
19,19,0.0015931147009007973
19,20,-0.0003175182974943313
19,21,-0.00040708516648552877
19,22,-0.000460785497845755
19,23,0.00037562741171052815
19,24,0.00015819818580960055
19,25,5.6637826544712055e-05
20,0,6.059575738196571e-07
20,1,-3.2364627005652328e-06
20,2,-2.2212987701751384e-05
20,3,4.398465494653001e-06
20,4,-7.907700747949612e-06
20,5,2.396088687027219e-06
20,6,1.5908525072096733e-06
20,7,-1.7615999073066797e-06
20,8,-3.29306861698105e-06
20,9,2.008339658542327e-06
20,10,8.690776810670198e-06
20,11,-7.67336907420336e-05
20,12,-2.9710352687194426e-05
20,13,1.8480812832465513e-06
20,14,1.9082594819684157e-05
20,15,2.8450061925735024e-05
20,16,-0.0001170770188660886
20,17,-0.00016931474608635502
20,18,0.0005374199274919072
20,19,-0.0003175182974943313
20,20,6.328349690495796e-05
20,21,8.113476633201334e-05
20,22,9.183759757118235e-05
20,23,-7.486502772907116e-05
20,24,-3.152994482855136e-05
20,25,-1.1288293459402357e-05
21,0,7.768885817547136e-07
21,1,-4.149417427848622e-06
21,2,-2.8478918752296173e-05
21,3,5.639202755562892e-06
21,4,-1.0138337541175183e-05
21,5,3.0719872516637617e-06
21,6,2.039606734043202e-06
21,7,-2.258519263947725e-06
21,8,-4.221990974286873e-06
21,9,2.574860380358991e-06
21,10,1.1142306924606174e-05
21,11,-9.837904623851642e-05
21,12,-3.809117132919324e-05
21,13,2.3693956625685284e-06
21,14,2.446549175417427e-05
21,15,3.647537255949231e-05
21,16,-0.00015010258650552876
21,17,-0.0002170757469504554
21,18,0.0006890175538925901
21,19,-0.00040708516648552877
21,20,8.113476633201334e-05
21,21,0.00010402159535584494
21,22,0.00011774352530837446
21,23,-9.598326306715213e-05
21,24,-4.042404151540124e-05
21,25,-1.4472541766952362e-05
22,0,8.793712505052769e-07
22,1,-4.696784684560713e-06
22,2,-3.2235693746045865e-05
22,3,6.38309391523253e-06
22,4,-1.1475728657887076e-05
22,5,3.477226122863455e-06
22,6,2.3086599113138168e-06
22,7,-2.5564501217692383e-06
22,8,-4.778931715401174e-06
22,9,2.9145211369159643e-06
22,10,1.2612135902002641e-05
22,11,-0.00011135664359859893
22,12,-4.3115939340113976e-05
22,13,2.681952696522591e-06
22,14,2.7692838565733283e-05
22,15,4.128699369971401e-05
22,16,-0.00016990325549812017
22,17,-0.00024571112966937465
22,18,0.0007799087825671184
22,19,-0.000460785497845755
22,20,9.183759757118235e-05
22,21,0.00011774352530837446
22,22,0.00013327557325590306
22,23,-0.00010864482250504695
22,24,-4.575654832973085e-05
22,25,-1.638167615084469e-05
23,0,-7.168540422913194e-07
23,1,3.828768662797105e-06
23,2,2.6278192918679368e-05
23,3,-5.20342991976414e-06
23,4,9.354891317993258e-06
23,5,-2.8345975612727657e-06
23,6,-1.8819948784433203e-06
23,7,2.0839908089483504e-06
23,8,3.895734044126526e-06
23,9,-2.3758864724554285e-06
23,10,-1.0281278354373287e-05
23,11,9.077674537777082e-05
23,12,3.5147652809196044e-05
23,13,-2.1862991661731465e-06
23,14,-2.257490594212657e-05
23,15,-3.365671587590596e-05
23,16,0.0001385033174922421
23,17,0.0002003010860751364
23,18,-0.0006357733017545196
23,19,0.00037562741171052815
23,20,-7.486502772907116e-05
23,21,-9.598326306715213e-05
23,22,-0.00010864482250504695
23,23,8.856609781365428e-05
23,24,3.730024902749406e-05
23,25,1.3354167266092415e-05
24,0,-3.0190823524924044e-07
24,1,1.6125134573669762e-06
24,2,1.1067249930347005e-05
24,3,-2.191461931773097e-06
24,4,3.939879755349167e-06
24,5,-1.1938111482642388e-06
24,6,-7.926156776389177e-07
24,7,8.776877164480659e-07
24,8,1.6407164093030992e-06
24,9,-1.000621674335291e-06
24,10,-4.3300343179394814e-06
24,11,3.8231279147247825e-05
24,12,1.4802686748978495e-05
24,13,-9.207756168556006e-07
24,14,-9.507583987557792e-06
24,15,-1.417476793727903e-05
24,16,5.8331668224387175e-05
24,17,8.435824288882985e-05
24,18,-0.0002677604982707009
24,19,0.00015819818580960055
24,20,-3.152994482855136e-05
24,21,-4.042404151540124e-05
24,22,-4.575654832973085e-05
24,23,3.730024902749406e-05
24,24,1.570926812695786e-05
24,25,5.624203582143845e-06
25,0,-1.0808863687632057e-07
25,1,5.773091330471013e-07
25,2,3.962276676398713e-06
25,3,-7.845832121013607e-07
25,4,1.410548578977109e-06
25,5,-4.274060944283607e-07
25,6,-2.8377082225685085e-07
25,7,3.14228158750435e-07
25,8,5.874063025666651e-07
25,9,-3.5824075059931724e-07
25,10,-1.5502310053496443e-06
25,11,1.3687492974985064e-05
25,12,5.299630967281751e-06
25,13,-3.296544104294203e-07
25,14,-3.4038879143322056e-06
25,15,-5.074824617201359e-06
25,16,2.0883797687369158e-05
25,17,3.0201784577382183e-05
25,18,-9.586312623606139e-05
25,19,5.6637826544712055e-05
25,20,-1.1288293459402357e-05
25,21,-1.4472541766952362e-05
25,22,-1.638167615084469e-05
25,23,1.3354167266092415e-05
25,24,5.624203582143845e-06
25,25,2.013567129783608e-06
